67.8870 21.0847  1195   0.00  0.00   07/10/24 00:49:44 
67.8574 21.1376  33537  12.62 264.00 07/10/24 04:54:34 
68.0679 18.6975  122329 26.85 265.00 07/10/24 08:59:24 
68.3507 15.0451  122211 17.56 286.00 07/10/24 13:04:14 
67.9209 12.5584  122849 28.64 232.00 07/10/24 17:09:04 
67.2987 8.8038   117395 24.41 234.00 07/10/24 21:13:53 
66.6206 6.7434   114668 10.82 249.00 07/11/24 01:18:43 
66.1404 2.7338   118749 22.64 271.00 07/11/24 05:23:32 
66.1263 -1.5322  122543 29.30 281.00 07/11/24 09:28:22 
66.3174 -6.0757  117244 27.71 260.00 07/11/24 13:33:11 
65.4775 -9.8369  115054 26.52 243.00 07/11/24 17:38:01 
65.6210 -14.6858 116087 25.34 295.00 07/11/24 21:42:50 
65.5376 -15.9756 114684 18.02 224.00 07/12/24 01:47:40 
64.8456 -20.8261 117506 35.07 273.00 07/12/24 05:52:30 
65.4871 -26.1695 117342 22.40 270.00 07/12/24 09:57:19 
65.2426 -29.9621 119920 24.05 240.00 07/12/24 14:02:09 
65.1116 -30.8225 121054 27.04 252.00 07/12/24 15:03:21 
65.0185 -31.9844 120748 35.43 262.00 07/12/24 16:04:34 
64.9129 -33.1916 121066 33.03 260.00 07/12/24 17:05:46 
64.8501 -34.5398 121300 34.68 264.00 07/12/24 18:06:58 
64.8708 -36.2395 120417 30.52 270.00 07/12/24 19:08:11 
64.9137 -37.3403 120093 26.22 279.00 07/12/24 20:09:23 
64.9750 -38.3454 119687 26.53 284.00 07/12/24 21:10:36 
65.0678 -39.1397 118034 25.28 297.00 07/12/24 22:11:48 
65.1770 -40.1004 115694 26.72 273.00 07/12/24 23:13:00 
65.0770 -41.0009 110968 10.30 322.00 07/13/24 00:14:13 
65.1611 -41.8322 108399 26.38 268.00 07/13/24 01:15:25 
65.1683 -42.6443 109555 27.27 265.00 07/13/24 02:16:38 
65.1955 -43.6874 110204 17.00 279.00 07/13/24 03:17:51 
65.1431 -44.3510 110970 25.78 235.00 07/13/24 04:19:03 
64.9503 -45.2954 111412 28.74 253.00 07/13/24 05:20:15 
64.8497 -46.3904 111670 31.96 261.00 07/13/24 06:21:27 
64.8262 -47.6379 112792 28.83 267.00 07/13/24 07:22:40 
64.8215 -48.5512 114357 24.61 249.00 07/13/24 08:23:52 
64.6384 -50.4293 117048 50.64 275.00 07/13/24 09:25:04 
64.8656 -51.6382 119559 30.54 302.00 07/13/24 10:26:17 
64.9803 -52.6308 120452 27.03 274.00 07/13/24 11:27:29 
64.9770 -53.7407 121282 28.91 266.00 07/13/24 12:28:42 
64.9218 -54.8602 122494 33.42 270.00 07/13/24 13:29:54 
64.9873 -56.1760 123060 30.35 274.00 07/13/24 14:31:06 
65.0205 -57.2326 122709 25.68 265.00 07/13/24 15:32:19 
65.0326 -58.2430 121771 26.03 281.00 07/13/24 16:33:31 
65.0540 -58.5023 121925 30.36 279.00 07/13/24 16:48:49 
65.0664 -58.7820 122051 31.20 272.00 07/13/24 17:04:07 
65.0802 -59.0859 121769 30.89 280.00 07/13/24 17:19:25 
65.1059 -59.3791 121678 31.18 283.00 07/13/24 17:34:44 
65.1374 -59.6388 121714 31.09 286.00 07/13/24 17:50:02 
65.1794 -59.8987 121382 26.20 286.00 07/13/24 18:05:20 
65.2121 -60.1350 121505 25.71 287.00 07/13/24 18:20:38 
65.2905 -60.5646 120922 23.06 292.00 07/13/24 18:35:56 
65.3243 -60.7810 120676 21.91 295.00 07/13/24 18:51:14 
65.3549 -60.9451 120638 17.10 294.00 07/13/24 19:06:32 
65.3909 -61.1206 121060 21.97 296.00 07/13/24 19:21:50 
65.4314 -61.2841 121096 16.74 299.00 07/13/24 19:37:08 
65.4532 -61.4554 121131 15.49 282.00 07/13/24 19:52:26 
65.4708 -61.6046 121307 16.84 280.00 07/13/24 20:07:45 
65.4800 -61.7780 121366 20.52 267.00 07/13/24 20:23:03 
65.4757 -61.9594 121401 19.36 260.00 07/13/24 20:38:21 
65.4606 -62.1323 121002 15.79 253.00 07/13/24 20:53:39 
65.4358 -62.2963 120588 17.19 248.00 07/13/24 21:08:57 
65.4150 -62.4666 121032 19.14 260.00 07/13/24 21:24:15 
65.4033 -62.6464 120467 15.08 263.00 07/13/24 21:39:33 
65.3949 -62.7898 120551 16.08 260.00 07/13/24 21:54:51 
65.3745 -62.9353 120562 13.66 245.00 07/13/24 22:10:09 
65.3491 -63.0747 120535 18.68 248.00 07/13/24 22:25:27 
65.3168 -63.2644 120426 22.87 247.00 07/13/24 22:40:46 
65.2805 -63.4588 120325 21.44 242.00 07/13/24 22:56:04 
65.2448 -63.6455 120078 19.00 250.00 07/13/24 23:11:22 
65.2225 -63.8069 119614 18.37 258.00 07/13/24 23:26:40 
65.2117 -64.1054 118765 12.27 268.00 07/13/24 23:41:58 
65.2191 -64.2025 118945 7.31  307.00 07/13/24 23:57:16
65.2360 -64.2811 118475 10.15 295.00 07/14/24 00:12:34
65.2491 -64.3845 118506 11.85 280.00 07/14/24 00:27:52
65.2667 -64.4982 118396 9.10  275.00 07/14/24 00:43:10
65.2705 -64.5816 118027 6.75  270.00 07/14/24 00:58:28
65.2648 -64.6443 117920 7.53  241.00 07/14/24 01:13:47
65.2460 -64.7235 118088 11.71 234.00 07/14/24 01:29:05
65.2174 -64.8109 117593 12.75 230.00 07/14/24 01:44:23
65.1847 -64.9081 117223 10.27 246.00 07/14/24 01:59:41
65.1734 -65.0112 116747 11.75 267.00 07/14/24 02:14:59
65.1820 -65.1391 116244 14.56 287.00 07/14/24 02:30:18
65.1949 -65.3207 116086 19.47 275.00 07/14/24 02:45:36
65.1958 -65.5233 115574 21.77 267.00 07/14/24 03:00:53
65.1856 -65.7399 115435 25.25 261.00 07/14/24 03:16:11
65.1737 -66.0019 115021 23.22 266.00 07/14/24 03:31:30
65.1543 -66.2522 114737 27.19 262.00 07/14/24 03:46:48
65.1578 -66.5296 113879 30.35 271.00 07/14/24 04:02:07
65.1495 -66.8401 113554 30.01 264.00 07/14/24 04:17:24
65.1205 -67.1117 112675 25.01 243.00 07/14/24 04:32:43
65.0542 -67.3111 111662 23.97 226.00 07/14/24 04:48:00
65.0032 -67.4740 110919 20.30 240.00 07/14/24 05:03:18
64.9812 -67.6176 110387 14.56 263.00 07/14/24 05:18:37
64.9837 -67.7602 109875 13.44 274.00 07/14/24 05:33:55
64.9963 -67.8776 109605 10.01 288.00 07/14/24 05:49:13
65.0180 -67.9637 109606 10.60 302.00 07/14/24 06:04:31
65.0361 -68.0681 110018 9.76  282.00 07/14/24 06:19:49
65.0356 -68.1839 110420 13.06 261.00 07/14/24 06:35:07
65.0046 -68.3083 111094 17.23 231.00 07/14/24 06:50:25
64.9572 -68.4770 111490 26.91 247.00 07/14/24 07:05:43
64.9090 -68.7759 111520 35.77 251.00 07/14/24 07:21:02
64.8904 -68.9025 111761 38.20 251.00 07/14/24 07:36:20
64.8470 -69.2381 112689 38.40 253.00 07/14/24 07:51:38
64.8299 -69.5569 113237 28.87 274.00 07/14/24 08:06:56
64.8315 -69.8004 113771 23.61 266.00 07/14/24 08:22:14
64.8196 -70.0091 114436 22.40 259.00 07/14/24 08:37:32
64.7961 -70.2503 114846 29.57 254.00 07/14/24 08:52:50
64.7322 -70.7764 115993 29.73 256.00 07/14/24 09:08:08
64.7019 -71.0783 116867 35.03 259.00 07/14/24 09:23:26
64.6819 -71.4056 117277 38.82 265.00 07/14/24 09:38:44
64.6830 -71.7633 117747 39.77 273.00 07/14/24 09:54:03
64.6876 -72.1252 118339 36.93 271.00 07/14/24 10:09:21
64.6976 -72.4570 118598 34.37 273.00 07/14/24 10:24:39
64.7039 -72.7838 118933 35.33 271.00 07/14/24 10:39:57
64.6982 -73.1210 118842 32.90 268.00 07/14/24 10:55:15
64.7011 -73.4146 119103 29.69 273.00 07/14/24 11:10:33
64.6970 -73.6751 119601 26.78 266.00 07/14/24 11:25:51
64.6875 -73.9210 119588 23.99 262.00 07/14/24 11:41:09
64.6744 -74.1209 119594 23.09 256.00 07/14/24 11:56:27
64.6503 -74.3396 119980 27.62 257.00 07/14/24 12:11:45
64.6353 -74.6030 120232 28.74 266.00 07/14/24 12:27:04
64.6217 -74.8924 120478 33.45 265.00 07/14/24 12:42:22
64.6130 -75.2863 120844 42.36 269.00 07/14/24 12:57:40
64.6223 -75.6733 121066 40.42 276.00 07/14/24 13:12:58
64.6372 -76.0253 121313 37.39 276.00 07/14/24 13:28:16
64.7124 -76.6892 122167 35.65 288.00 07/14/24 13:43:34
64.7486 -76.9862 122075 30.84 287.00 07/14/24 13:58:52
64.7826 -77.2620 122111 31.75 292.00 07/14/24 14:14:10
64.8467 -77.5030 122247 31.45 308.00 07/14/24 14:29:28
64.9229 -77.7201 122468 27.31 310.00 07/14/24 14:44:46
64.9753 -77.9228 122960 23.58 294.00 07/14/24 15:00:05
65.0096 -78.1321 122717 22.15 291.00 07/14/24 15:15:23
65.0417 -78.3367 122395 22.67 286.00 07/14/24 15:30:41
65.0592 -78.5300 122770 20.26 278.00 07/14/24 15:45:59
65.0586 -78.7142 122440 20.57 261.00 07/14/24 16:01:17
65.0368 -78.9011 122590 19.24 259.00 07/14/24 16:16:35
65.0180 -79.0851 122520 22.98 253.00 07/14/24 16:31:53
64.9955 -79.2831 122615 19.74 258.00 07/14/24 16:47:11
64.9748 -79.4821 122483 23.94 254.00 07/14/24 17:02:29
64.9480 -79.7180 122124 27.17 257.00 07/14/24 17:17:47
64.9200 -79.9686 121846 29.77 252.00 07/14/24 17:33:05
64.8941 -80.2240 121685 29.50 255.00 07/14/24 17:48:24
64.8515 -80.7873 120922 28.29 267.00 07/14/24 18:03:42
64.8642 -81.0428 121176 26.02 286.00 07/14/24 18:19:00
64.8948 -81.2896 120917 29.05 285.00 07/14/24 18:34:18
64.9419 -81.5526 120631 32.36 295.00 07/14/24 18:49:36
65.0070 -81.8374 120526 35.05 304.00 07/14/24 19:04:54
65.0871 -82.1123 120314 34.97 307.00 07/14/24 19:20:12
65.1809 -82.3668 120569 35.42 313.00 07/14/24 19:35:30
65.2758 -82.5961 120389 32.05 314.00 07/14/24 19:50:48
65.3653 -82.8052 120358 31.20 312.00 07/14/24 20:06:06
65.4548 -83.0121 119919 28.19 318.00 07/14/24 20:21:25
65.5358 -83.1930 120005 28.22 317.00 07/14/24 20:36:43
65.6119 -83.3638 120640 24.05 313.00 07/14/24 20:52:01
65.6763 -83.5155 120758 18.06 316.00 07/14/24 21:07:19
65.7166 -83.6215 121140 13.45 314.00 07/14/24 21:22:37
65.7374 -83.6912 121014 6.77  285.00 07/14/24 21:37:55
65.7259 -83.7709 121171 9.41  241.00 07/14/24 21:53:13
65.6846 -83.8625 120994 16.23 222.00 07/14/24 22:08:31
65.6181 -83.9859 120793 22.41 224.00 07/14/24 22:23:49
65.5429 -84.1439 120561 25.60 225.00 07/14/24 22:39:07
65.3814 -84.5495 119851 30.56 229.00 07/14/24 22:54:26
65.3025 -84.7707 119735 28.94 235.00 07/14/24 23:09:44
65.2388 -84.9891 119963 27.29 239.00 07/14/24 23:25:02
65.1895 -85.2370 119086 25.86 251.00 07/14/24 23:40:20
65.1626 -85.4444 119743 20.22 263.00 07/14/24 23:55:38
65.1445 -85.6443 119682 23.07 250.00 07/15/24 00:10:56
65.1327 -85.8547 119445 25.96 271.00 07/15/24 00:26:14
65.1440 -86.0832 119774 21.59 286.00 07/15/24 00:41:32
65.1820 -86.2460 120136 18.89 302.00 07/15/24 00:56:50
65.2099 -86.4046 120104 18.92 282.00 07/15/24 01:12:08
65.2206 -86.5834 120586 17.55 284.00 07/15/24 01:27:27
65.2333 -86.7592 120182 20.37 273.00 07/15/24 01:42:45
65.2300 -86.9474 120180 18.90 265.00 07/15/24 01:58:03
65.2199 -87.1413 119992 21.32 260.00 07/15/24 02:13:21
65.2020 -87.3346 119704 18.91 256.00 07/15/24 02:28:39
65.1808 -87.4953 119427 15.66 244.00 07/15/24 02:43:57
65.1500 -87.6245 118860 14.41 236.00 07/15/24 02:59:15
65.1233 -87.7490 118008 15.28 249.00 07/15/24 03:14:33
65.0988 -87.8530 117888 8.83  240.00 07/15/24 03:29:51
65.0648 -87.9300 117395 11.74 215.00 07/15/24 03:45:09
65.0298 -87.9949 117882 12.77 220.00 07/15/24 04:00:27
64.9465 -88.2058 117752 14.87 242.00 07/15/24 04:15:45
64.9173 -88.3159 117637 13.19 252.00 07/15/24 04:31:04
64.9029 -88.4270 117535 11.28 263.00 07/15/24 04:46:22
64.8942 -88.5255 117229 10.06 259.00 07/15/24 05:01:40
64.8889 -88.6331 116963 14.58 264.00 07/15/24 05:16:58
64.8779 -88.7999 116173 23.28 256.00 07/15/24 05:32:16
64.8534 -89.0210 115576 25.87 254.00 07/15/24 05:47:34
64.8283 -89.2465 115650 24.11 256.00 07/15/24 06:02:52
64.7950 -89.4656 115504 23.66 248.00 07/15/24 06:18:10
64.7567 -89.6650 114952 22.08 246.00 07/15/24 06:33:28
64.7232 -89.8444 114599 21.06 245.00 07/15/24 06:48:46
64.6913 -90.0286 114326 21.59 250.00 07/15/24 07:04:05
64.6531 -90.2384 114190 27.40 245.00 07/15/24 07:19:23
64.6155 -90.4949 114161 28.99 251.00 07/15/24 07:34:41
64.5852 -90.7543 114078 28.78 257.00 07/15/24 07:49:59
64.5645 -91.0076 114305 28.57 262.00 07/15/24 08:05:17
64.5431 -91.2728 114436 27.84 261.00 07/15/24 08:20:35
64.4860 -91.7426 114152 26.07 250.00 07/15/24 08:35:53
64.4449 -91.9762 114515 27.21 252.00 07/15/24 08:51:11
64.4230 -92.2169 114548 26.54 256.00 07/15/24 09:06:29
64.4097 -92.4793 115598 33.33 265.00 07/15/24 09:21:47
64.4064 -92.8188 115559 38.29 271.00 07/15/24 09:37:06
64.4187 -93.1678 116042 36.98 278.00 07/15/24 09:52:24
64.4232 -93.4630 116363 31.32 267.00 07/15/24 10:07:42
64.4150 -93.7780 116597 33.01 260.00 07/15/24 10:23:00
64.3906 -94.1016 116771 37.80 260.00 07/15/24 10:38:18
64.3699 -94.4316 117043 39.01 265.00 07/15/24 10:53:36
64.3788 -94.7953 117452 41.71 280.00 07/15/24 11:08:54
64.4132 -95.1553 118162 45.76 283.00 07/15/24 11:24:12
64.4617 -95.5604 118586 43.69 290.00 07/15/24 11:39:30
64.5180 -95.8921 119199 33.30 287.00 07/15/24 11:54:48
64.5396 -96.1365 119536 23.18 274.00 07/15/24 12:10:07
64.5599 -96.3350 119734 23.41 294.00 07/15/24 12:25:25
64.5844 -96.5194 119874 19.11 266.00 07/15/24 12:40:43
64.5163 -96.8065 120365 22.60 237.00 07/15/24 12:56:01
64.4558 -96.9750 120282 26.92 232.00 07/15/24 13:11:19
64.3876 -97.2180 120508 34.25 245.00 07/15/24 13:26:37
64.3246 -97.5093 120806 36.92 246.00 07/15/24 13:41:55
64.2854 -97.8773 121570 44.50 266.00 07/15/24 13:57:13
64.2725 -98.2778 121029 48.23 270.00 07/15/24 14:12:31
64.2788 -98.7019 121109 43.82 273.00 07/15/24 14:27:49
64.3072 -99.2382 121301 41.85 278.00 07/15/24 14:43:08
64.3318 -99.6074 121564 37.56 277.00 07/15/24 14:58:26
64.3547 -99.8809 122195 39.46 279.00 07/15/24 15:13:44
64.3859 -100.3711 122301 41.05 280.00 07/15/24 15:29:02
64.4012 -100.7326 122062 39.38 275.00 07/15/24 15:44:20
64.4231 -101.0994 122199 36.07 281.00 07/15/24 15:59:38
64.4535 -101.4135 122545 31.96 288.00 07/15/24 16:14:56
64.4979 -101.6723 122838 30.29 291.00 07/15/24 16:30:14
64.5263 -101.9863 122554 33.70 281.00 07/15/24 16:45:33
64.5527 -102.3385 122465 37.11 281.00 07/15/24 17:00:51
64.5837 -102.6987 122261 36.54 282.00 07/15/24 17:16:09
64.6242 -103.0749 122361 40.90 284.00 07/15/24 17:31:27
64.6689 -103.4166 121796 37.04 286.00 07/15/24 17:46:45
64.7111 -103.7736 121445 36.72 286.00 07/15/24 18:02:03
64.7533 -104.0962 122114 31.24 289.00 07/15/24 18:17:21
64.7884 -104.3487 121529 29.05 289.00 07/15/24 18:32:39
64.8400 -104.6261 121685 30.37 295.00 07/15/24 18:47:57
64.8871 -104.9054 122005 31.42 287.00 07/15/24 19:03:15
64.9304 -105.2207 122257 31.57 286.00 07/15/24 19:18:34
64.9651 -105.4647 121678 25.67 289.00 07/15/24 19:33:52
65.0104 -105.7038 121404 25.71 294.00 07/15/24 19:49:10
65.0576 -105.9148 121246 25.00 294.00 07/15/24 20:04:28
65.1070 -106.0985 121304 19.62 302.00 07/15/24 20:19:46
65.1485 -106.2932 121548 23.74 297.00 07/15/24 20:35:04
65.1892 -106.5235 121317 24.96 285.00 07/15/24 20:50:22
65.2141 -106.7618 120977 26.77 284.00 07/15/24 21:05:40
65.2404 -107.0208 120943 28.48 288.00 07/15/24 21:20:58
65.2983 -107.2452 120632 28.66 309.00 07/15/24 21:36:16
65.3902 -107.4685 120577 27.73 311.00 07/15/24 21:51:35
65.4573 -107.6813 119820 25.99 296.00 07/15/24 22:06:53
65.4855 -107.9142 119877 25.70 277.00 07/15/24 22:22:11
65.4982 -108.1652 119318 25.16 278.00 07/15/24 22:37:29
65.5117 -108.4115 119235 20.81 276.00 07/15/24 22:52:47
65.5278 -108.6192 119425 22.12 289.00 07/15/24 23:08:05
65.5547 -108.8383 119313 24.72 284.00 07/15/24 23:23:23
65.5762 -109.0852 119343 24.18 280.00 07/15/24 23:38:41
65.5896 -109.3309 119191 22.05 278.00 07/15/24 23:53:59
65.6055 -109.5718 119258 24.76 275.00 07/16/24 00:09:18
65.6183 -109.8206 119083 24.05 277.00 07/16/24 00:24:36
65.6385 -110.0743 118988 24.11 286.00 07/16/24 00:39:54
65.6705 -110.2998 118568 21.93 292.00 07/16/24 00:55:12
65.7082 -110.5397 118099 25.31 288.00 07/16/24 01:10:30
65.7401 -110.7814 118599 27.68 284.00 07/16/24 01:25:48
65.7684 -111.0763 118158 27.99 285.00 07/16/24 01:41:06
65.7939 -111.3710 118087 29.72 282.00 07/16/24 01:56:24
65.8263 -111.6531 118303 29.70 289.00 07/16/24 02:11:43
65.8707 -111.9444 118016 30.37 290.00 07/16/24 02:27:01
65.9155 -112.2303 117946 30.34 289.00 07/16/24 02:42:19
65.9535 -112.5336 117579 29.02 282.00 07/16/24 02:57:37
65.9855 -112.7835 117137 21.04 293.00 07/16/24 03:12:55
66.0178 -112.9865 116918 18.96 288.00 07/16/24 03:28:13
66.0309 -113.1770 116761 17.33 277.00 07/16/24 03:43:31
66.0345 -113.3537 116734 16.88 265.00 07/16/24 03:58:49
66.0290 -113.5054 116693 17.29 265.00 07/16/24 04:14:51
66.0114 -113.7668 116387 23.28 255.00 07/16/24 04:30:12
65.9915 -114.0042 115918 24.22 261.00 07/16/24 04:45:30
65.9739 -114.2556 115707 27.39 260.00 07/16/24 05:00:48
65.9556 -114.5471 116198 27.97 258.00 07/16/24 05:16:06
65.9380 -114.8136 115848 27.34 264.00 07/16/24 05:31:24
65.9303 -115.1026 115426 28.52 267.00 07/16/24 05:46:43
65.9262 -115.3874 114488 25.40 266.00 07/16/24 06:02:01
65.9194 -115.6137 114096 21.05 265.00 07/16/24 06:17:19
65.9140 -115.8257 113687 18.69 264.00 07/16/24 06:32:37
65.9090 -116.0137 113123 18.23 273.00 07/16/24 06:47:55
65.9066 -116.1914 112692 16.71 263.00 07/16/24 07:03:13
65.9023 -116.3654 113051 17.36 270.00 07/16/24 07:18:31
65.9052 -116.5470 113255 18.41 273.00 07/16/24 07:33:49
65.9056 -116.7444 113315 18.85 271.00 07/16/24 07:49:07
65.8955 -116.9372 113094 19.16 260.00 07/16/24 08:04:25
65.8807 -117.1296 113113 18.78 258.00 07/16/24 08:19:43
65.8591 -117.3406 113046 21.25 258.00 07/16/24 08:35:02
65.8375 -117.5573 113498 22.65 255.00 07/16/24 08:50:20
65.8095 -117.7924 113622 23.99 257.00 07/16/24 09:05:38
65.7865 -118.0296 113794 22.83 256.00 07/16/24 09:20:56
65.7557 -118.2514 113771 24.04 250.00 07/16/24 09:36:14
65.7165 -118.5120 114341 28.76 252.00 07/16/24 09:51:32
65.6937 -118.8091 114579 32.05 261.00 07/16/24 10:06:50
65.6795 -119.1280 114705 28.92 268.00 07/16/24 10:22:08
65.6765 -119.4382 114740 27.79 269.00 07/16/24 10:37:26
65.6756 -119.7239 115319 27.85 269.00 07/16/24 10:52:44
65.6829 -120.0002 114824 27.64 278.00 07/16/24 11:08:03
65.6931 -120.2728 114827 26.63 272.00 07/16/24 11:23:21
65.6956 -120.5610 115022 28.35 272.00 07/16/24 11:38:39
65.6967 -120.8259 115015 28.14 270.00 07/16/24 11:53:57
65.6974 -121.1296 114986 27.56 275.00 07/16/24 12:09:15
65.7173 -121.4127 115115 25.96 279.00 07/16/24 12:24:33
65.7400 -121.6359 114822 21.91 286.00 07/16/24 12:39:51
65.7706 -121.8508 114583 22.92 286.00 07/16/24 12:55:09
65.7925 -122.0763 114748 21.59 277.00 07/16/24 13:10:27
65.8028 -122.3157 115184 25.00 273.00 07/16/24 13:25:45
65.8127 -122.5371 114924 22.84 278.00 07/16/24 13:41:03
65.8296 -122.7676 114819 22.60 278.00 07/16/24 13:56:21
65.8451 -122.9906 114867 22.37 281.00 07/16/24 14:11:40
65.8625 -123.1869 114875 18.10 282.00 07/16/24 14:26:58
65.8776 -123.3982 114874 22.78 280.00 07/16/24 14:42:16
65.8910 -123.6396 114573 24.10 276.00 07/16/24 14:57:34
65.9086 -123.8781 114688 23.17 280.00 07/16/24 15:12:52
65.9254 -124.1329 114495 25.75 278.00 07/16/24 15:28:10
65.9507 -124.3904 114326 25.30 287.00 07/16/24 15:43:28
65.9848 -124.6490 114183 28.87 287.00 07/16/24 15:58:47
66.0175 -124.9211 114373 28.97 289.00 07/16/24 16:14:05
66.0563 -125.1776 114215 24.17 295.00 07/16/24 16:29:23
66.0896 -125.4384 114363 27.49 283.00 07/16/24 16:44:41
66.1205 -125.6736 114016 25.21 281.00 07/16/24 17:00:00
66.1476 -125.9172 114532 23.83 284.00 07/16/24 17:15:18
66.1656 -126.1689 114848 26.96 271.00 07/16/24 17:30:36
66.1593 -126.4441 115084 28.92 264.00 07/16/24 17:45:54
66.1363 -126.7274 114992 28.56 255.00 07/16/24 18:01:12
66.1160 -127.0317 115584 29.49 266.00 07/16/24 18:16:30
66.1298 -127.2019 59019  10.24 217.00 07/16/24 18:31:48
66.3152 -127.1081 26977  62.22 359.00 07/16/24 18:47:06
66.4554 -127.0526 8543   32.99 8.00   07/16/24 19:02:24
66.4764 -127.0001 891    0.00  0.00   07/16/24 19:17:42
